# Created by Octave 4.2.1, Fri May 12 10:07:01 2017 GMT <unknown@unknown>
# name: all_theta
# type: matrix
# rows: 10
# columns: 401
 -3.488577297156752 0 0 9.979029500591494e-005 -0.0009222698365220081 -0.001004674224263692 0.001659127665329636 -0.02000954915019857 -0.001682119521560144 0.0006515524666981735 0.0004829995962111486 6.439036569369489e-005 0.0004791829379230029 0.002147404944823436 0.001775792529689027 0.004661499262927369 0.006142338936732742 0.000517081912565939 -8.780364325065047e-005 -8.085952719954639e-008 0 -1.45944236777455e-008 1.019965788969905e-005 -0.001262514818985655 0.01051408596248238 0.01204159815451293 0.002237137181290985 -0.02667358097488252 4.860816809242812e-005 0.00165242174975496 -0.009547166996497334 -0.001151481397877246 -0.005417830312384255 -0.02362609832466467 -0.01352988221176436 -0.04189391064292421 -0.05747014323088285 0.007293439593331259 0.01109163381608419 0.0003245557633933763 0.0001818789934007595 1.180415974517005e-007 -0.0003255073022963659 0.0003403708404250091 0.03067860158054246 0.07682500985234825 0.1153281555895168 0.1136034660162478 -0.06161444359274461 -0.0955508838939448 -0.023067179286286 -0.0431861135704357 -0.005970557182726439 -0.07180682752357616 -0.1927558922491442 -0.3073600509270583 -0.2348804435007137 -0.04557978963145157 0.05933136161432991 0.0008904377792102356 -0.0003615387727514383 5.951411457752963e-007 0.001623673713013752 0.005211681048557314 -0.1967592980681082 -0.7151628342324275 -1.087194659131635 -1.461902483967292 -0.8636390872802389 -0.9722347259543214 -0.0943243292996902 0.3967058982324066 -0.1244047755806879 0.01257380444253591 -0.5771638197177725 -0.7962599286682607 -1.224121980734089 -1.700061218816211 -1.629057421320673 -0.03357889827411785 -0.01887194401882423 1.317272073631818e-006 0.008000516358875054 -0.05769237943928759 -0.2091046464716176 -0.5742539329389255 -3.447371562593427 -2.59549248988958 0.01281140627889215 1.596986314268849 2.394116417398814 -0.01301841242297525 -0.5857480342629129 0.2031594833061585 -1.053482995000097 -1.172739722617361 2.095685088926591 0.1317454444804254 -1.51143391306995 -0.2604195836583429 -0.04204143777111827 -1.528040171535019e-005 -0.01792184171337909 -0.148467985872753 1.793234801781462 0.08103959994182675 -0.860766054652336 -1.639458697493358 -0.9916756394525189 2.648077619271146 1.742179787236415 -2.439696650047887 -1.48528814664647 -0.0745549682070331 -1.654633368622178 -1.818308246752671 4.469296281527845 0.9902061347292046 -3.679438183902677 -0.7405926436852669 -0.04936767858030693 -0.0001719745808464164 0.01593024603381667 -0.9165063660782948 -0.3751241942969697 -0.6290735822812626 -1.542394672141394 -0.6235580786476219 -1.147848972092174 -0.7387673884322401 -1.337476587678547 -1.072970536127544 -0.7317231156965346 -0.1301453836353964 -0.8739438753867125 -2.01243775500627 -2.180894504483436 -0.003263170833684314 -1.999241110532506 -1.236726577001647 -0.03122405505204358 -0.0009614233935841644 0.05403021582769293 -1.79198775222894 -3.041601882081677 -0.8616913151018961 -1.123992123278792 0.145620304564659 -0.8793445734315131 0.9520684848674994 -2.400851780464027 -2.470040451088502 -1.324919558493305 -2.57565342006746 1.798153853542382 2.574839806711964 -1.011989776623347 0.08438167015631864 0.1596095479923249 -2.824346927405119 0.006061777893123925 0.02351414845767532 -0.2913484592453194 -1.409457924908968 -0.5361185628227161 -2.033589237079573 -1.468908880022537 0.2307822696370349 0.1019557942187759 -0.3959222646437137 -2.329838667639649 -0.4379875034791374 0.831139304380377 -0.7964551891351349 -2.221589468075504 0.5897470834276988 -0.07128114620676626 -1.033606262558768 -1.715275285187338 -3.304455046823689 -0.4933762034431116 0.04879716355658915 -0.5538606736549775 -0.2503080356369207 -0.8354112902622219 -0.9722483147600722 -0.4089271219668246 -0.2186765299595755 0.2427125317527794 0.5110728553081069 0.4097928135905093 1.045116422446785 0.6340083075779049 1.070252556980923 0.7710305992234792 0.2174196061149617 -1.551959585883599 -0.176350996513207 -0.1916453872470606 -2.435892265132972 -0.1383167773914657 0.03225146339523605 -0.307518217845538 0.8663650971177802 -1.716324122053826 -2.774363924800543 0.4319251056473898 -0.5314751118346903 0.5073048132698291 3.11134722366579 3.079941797911916 2.231412339019907 2.645452110565958 -0.1663296582291948 1.466222365216752 -0.1572681752907004 0.1564089042294851 -0.3166232159664602 -1.661116132294657 -1.872471725811277 0.05994000967303212 0.009226557142548161 -0.1762264258327306 0.5555894852995766 2.419449105125107 0.8376761751818231 -0.4342250114377371 -1.057295297610112 2.070865476884951 1.380744399843511 0.4351574892209354 -1.277402276783847 0.2228857884068518 -2.026017358851466 -1.216039300820638 0.7739169514827049 1.024983839427031 0.931548648979212 -3.113448977046423 -2.095768973405083 -0.0494871716748571 0.02413733022990401 -0.2003096517710675 -2.656720825089204 -3.258906436458806 -1.657422975192457 -2.177366703914629 -0.4154528575311338 0.06849588692643843 0.1054055843774602 0.05872501448496979 0.968145599476678 1.380941073360154 -0.9459229164766925 -0.8371583472297686 -1.440175973923076 -1.450811761849237 2.492106356556091 0.818098486030294 -1.021493907576406 -0.1298977955360516 0.01903540109511433 -0.2669337911357634 -0.9489648527170033 1.830290045612029 0.6767862581319715 2.081699822868784 -1.016626214645555 -1.353293752572488 1.586783570419961 -1.507273187353664 -1.379227411255766 -2.807573694521548 -1.543183651295104 1.412126585618828 1.871381553662127 -0.9197982932410176 1.381926362473688 0.3334806193772504 -0.9007221006545476 -0.04418594435637901 0.002649911722757539 -0.0160449070479242 -0.5842993275261228 -0.7388537558888105 -0.3707762202321878 -0.6870968710908122 -1.050312373125805 -0.65677195669619 -2.568715416781892 -2.317252819453724 -1.159749954233303 -2.190534425498946 -1.571099339318851 2.097856649870398 -0.9990332897237879 -0.2192151068762707 2.53573878712257 -1.435907913072043 -0.8029801686042423 -0.04814796870040964 -0.000184914882631214 0.02201988642281391 -0.193082091720228 -1.499484142627474 -1.396494888260507 1.224563902213754 -0.2152328348783761 -1.580877473756066 -1.338895643697138 -1.005527608925191 -1.451485168171814 -1.889610855347465 -1.772746068791855 -1.625576022140499 -0.7212809456267644 0.6522192480391903 0.1136246760106305 -1.649577526921372 -0.01809865838384881 -0.009400464734208618 -1.229089958654056e-005 -0.01286993961227271 0.08986312006967277 0.7312062921692105 -1.198749406448064 -1.076204018730457 -1.259088930918227 -1.038390178062814 -0.4842585648504585 -0.3264568002983797 -0.1797665878602715 -0.3330792302761371 -0.9732522239152237 0.338006687326261 0.9236883539484875 0.1642163897908789 -0.7060468374172546 -0.5184703306313506 -0.01103819672921101 -0.008019433826200835 8.531384090359797e-006 -0.006604565237432758 0.04468184575306408 0.4111998941120691 -1.111195304684569 -1.527671195999878 -0.7392177202268638 0.0484158557812755 0.007274674851508913 -0.2869871824836854 -0.0360148339454916 -0.1178930622259947 -0.3417386718609473 0.6186460569358568 2.795242230935323 3.095366708402283 0.7227648469357072 -0.2643027735291635 -0.01371612863398501 0.0001493569051356787 -2.985600666872434e-007 0.0008084661777947634 0.003170004116702538 -0.1033909440466641 -0.4188976759207103 -0.1403500661862335 -0.1661941482351479 0.7598634349980309 0.5787930991602417 -0.1443931162873399 0.2950839349923046 0.04193996829030722 -0.1070854106481622 0.003607253598432031 0.6033724104656242 1.982649593574993 0.5206083263238656 -0.05259338159797398 0.0007803660075073565 0.000106648992495889 0 -4.551278175566694e-005 0.001134078090599565 -0.006397998184385209 0.01321767454041535 -0.003817336360776776 0.006895126706675049 -0.07147754887985557 -0.06330062429655384 0.004912006495338543 0.0525972883186178 0.001552505682152621 0.07546502868596973 0.3759313168225291 -0.01721912916189223 -0.1810642986719164 -0.04519082761029979 0.00559953180368894 